2
4 2 4 8 6 9 6 4 7 4 6 5 8 3 5 1 3 7 7 1 3 6 1 9 9 7 4 9 7 4 4 9 7 3 2 10 8 5 1 6 9 7 2 4 1 9 8 2 1 9 10 3 6 7 6 3 2 9 7 9 2 7 4 2 2 2 3 7 7 1 4 1 5 5 5 10 1 6 4 9 4 9 1 2 6 3 9 1 1 7 9 6 2 2 6 10 5 9 4 8
0 1 1 1 0 0 1 1 0 0 0 1 0 0 0 1 1 1 0 0 1 0 0 1 1 0 0 0 1 1 1 0 0 0 0 1 0 0 0 0 1 0 0 1 1 1 0 1 1 1 1 0 0 1 1 1 1 0 1 0 1 0 0 1 0 1 1 1 0 1 1 0 0 0 1 1 0 1 0 0 0 1 0 1 0 0 0 1 0 0 1 1 1 0 0 1 0 0 1 0
3
4 2 4 8 6 9 6 4 7 4 6 5 8 3 5 1 3 7 7 1 3 6 1 9 9 7 4 9 7 4 4 9 7 3 2 10 8 5 1 6 9 7 2 4 1 9 8 2 1 9 10 3 6 7 6 3 2 9 7 9 2 7 4 2 2 2 3 7 7 1 4 1 5 5 5 10 1 6 4 9 4 9 1 2 6 3 9 1 1 7 9 6 2 2 6 10 5 9 4 8
0 1 1 1 0 0 1 1 0 0 0 1 0 0 0 1 1 1 0 0 1 0 0 1 1 0 0 0 1 1 1 0 0 0 0 1 0 0 0 0 1 0 0 1 1 1 0 1 1 1 1 0 0 1 1 1 1 0 1 0 1 0 0 1 0 1 1 1 0 1 1 0 0 0 1 1 0 1 0 0 0 1 0 1 0 0 0 1 0 0 1 1 1 0 0 1 0 0 1 0
4
4 2 4 8 6 9 6 4 7 4 6 5 8 3 5 1 3 7 7 1 3 6 1 9 9 7 4 9 7 4 4 9 7 3 2 10 8 5 1 6 9 7 2 4 1 9 8 2 1 9 10 3 6 7 6 3 2 9 7 9 2 7 4 2 2 2 3 7 7 1 4 1 5 5 5 10 1 6 4 9 4 9 1 2 6 3 9 1 1 7 9 6 2 2 6 10 5 9 4 8
0 1 1 1 0 0 1 1 0 0 0 1 0 0 0 1 1 1 0 0 1 0 0 1 1 0 0 0 1 1 1 0 0 0 0 1 0 0 0 0 1 0 0 1 1 1 0 1 1 1 1 0 0 1 1 1 1 0 1 0 1 0 0 1 0 1 1 1 0 1 1 0 0 0 1 1 0 1 0 0 0 1 0 1 0 0 0 1 0 0 1 1 1 0 0 1 0 0 1 0
6
4 2 4 8 6 9 6 4 7 4 6 5 8 3 5 1 3 7 7 1 3 6 1 9 9 7 4 9 7 4 4 9 7 3 2 10 8 5 1 6 9 7 2 4 1 9 8 2 1 9 10 3 6 7 6 3 2 9 7 9 2 7 4 2 2 2 3 7 7 1 4 1 5 5 5 10 1 6 4 9 4 9 1 2 6 3 9 1 1 7 9 6 2 2 6 10 5 9 4 8
0 1 1 1 0 0 1 1 0 0 0 1 0 0 0 1 1 1 0 0 1 0 0 1 1 0 0 0 1 1 1 0 0 0 0 1 0 0 0 0 1 0 0 1 1 1 0 1 1 1 1 0 0 1 1 1 1 0 1 0 1 0 0 1 0 1 1 1 0 1 1 0 0 0 1 1 0 1 0 0 0 1 0 1 0 0 0 1 0 0 1 1 1 0 0 1 0 0 1 0
8
4 2 4 8 6 9 6 4 7 4 6 5 8 3 5 1 3 7 7 1 3 6 1 9 9 7 4 9 7 4 4 9 7 3 2 10 8 5 1 6 9 7 2 4 1 9 8 2 1 9 10 3 6 7 6 3 2 9 7 9 2 7 4 2 2 2 3 7 7 1 4 1 5 5 5 10 1 6 4 9 4 9 1 2 6 3 9 1 1 7 9 6 2 2 6 10 5 9 4 8
0 1 1 1 0 0 1 1 0 0 0 1 0 0 0 1 1 1 0 0 1 0 0 1 1 0 0 0 1 1 1 0 0 0 0 1 0 0 0 0 1 0 0 1 1 1 0 1 1 1 1 0 0 1 1 1 1 0 1 0 1 0 0 1 0 1 1 1 0 1 1 0 0 0 1 1 0 1 0 0 0 1 0 1 0 0 0 1 0 0 1 1 1 0 0 1 0 0 1 0
10
4 2 4 8 6 9 6 4 7 4 6 5 8 3 5 1 3 7 7 1 3 6 1 9 9 7 4 9 7 4 4 9 7 3 2 10 8 5 1 6 9 7 2 4 1 9 8 2 1 9 10 3 6 7 6 3 2 9 7 9 2 7 4 2 2 2 3 7 7 1 4 1 5 5 5 10 1 6 4 9 4 9 1 2 6 3 9 1 1 7 9 6 2 2 6 10 5 9 4 8
0 1 1 1 0 0 1 1 0 0 0 1 0 0 0 1 1 1 0 0 1 0 0 1 1 0 0 0 1 1 1 0 0 0 0 1 0 0 0 0 1 0 0 1 1 1 0 1 1 1 1 0 0 1 1 1 1 0 1 0 1 0 0 1 0 1 1 1 0 1 1 0 0 0 1 1 0 1 0 0 0 1 0 1 0 0 0 1 0 0 1 1 1 0 0 1 0 0 1 0
